87.1398
86.6920
86.2626
85.8462
85.4447
85.0564
84.6814
84.3191
83.9691
83.6309
83.3042
82.9885
82.6836
82.3890
82.1043
81.8293
81.5636
81.3069
81.0590
80.8194
80.5879
80.3643
80.1482
79.9395
79.7378
79.5430
79.3548
79.1729
78.9972
78.8275
78.6635
78.5051
78.3520
78.2041
78.0612
77.9232
77.7899
77.6610
77.5366
77.4163
76.9283
76.9448
80.6250
82.4723
85.0534
87.1758
89.3994
91.4669
93.5020
95.4507
97.3415
99.1644
100.9273
102.6297
104.2748
105.8640
107.3995
108.8829
110.3160
111.7006
113.0383
114.3306
115.5792
116.7855
117.9509
119.0769
120.1646
121.2156
122.2309
123.2118
124.1596
125.0752
125.9597
126.8143
127.6400
128.4377
129.2083
129.9529
130.6722
131.3672
132.0386
132.6873
133.3140
133.9194
134.5044
135.0695
135.6155
136.1430
136.6526
137.1450
137.6207
138.0802
138.5242
138.9532
139.3676
139.7680
140.1548
140.5285
140.8895
141.2384
141.5754
141.9009
142.2155
142.5194
142.8130
143.0967
143.3707
143.6355
143.8913
144.1384
144.3771
144.6078
144.8307
145.0460
145.2540
145.4549
145.6491
145.8367
146.0179
146.1930
146.3621
146.5255
146.6834
146.8359
146.9833
147.1257
147.2632
147.3961
147.5245
147.6485
147.7684
147.8842
147.9960
148.1041
148.2085
148.3094
148.4068
148.5010
148.5919
148.6798
148.8576
148.9075
148.0396
147.6281
147.0315
146.5479
146.0374
145.5644
145.0981
144.6519
144.2187
143.8012
143.3974
143.0075
142.6307
142.2667
141.9150
141.5753
141.2470
140.9299
140.6235
140.3275
140.0415
139.7652
139.4983
139.2404
138.9913
138.7506
138.5180
138.2933
138.0763
137.8666
137.6640
137.4682
137.2791
137.0964
136.9199
136.7494
136.5846
136.4254
136.2716
136.1231
135.9795
135.8409
135.7069
135.5774
135.4524
135.3316
135.2148
135.1021
134.9931
134.8879
134.7862
134.6879
134.5930
134.5013
134.4127
134.3271
134.2444
134.1645
134.0873
134.0128
133.9407
133.8711
133.8039
133.7389
133.6761
133.6155
133.5569
133.5003
133.4456
133.3928
133.3417
133.2924
133.2448
133.1987
133.1543
133.1113
133.0698
133.0297
132.9910
132.9535
132.9174
132.8824
132.8487
132.8161
132.7846
132.7541
132.7247
132.6963
132.6689
132.6423
132.6167
132.5920
132.5681
132.5450
132.5226
132.5011
132.4802
132.4601
132.4407
