5.666807
11.693609
9.269026
10.624926
5.666807
6.692219
9.962017
5.273177
4.976710
19.174008
10.971256
19.174008
9.715219
5.097951
26.193283
26.745865
17.842577
9.421328
6.082081
9.514206
10.533455
12.412753
6.041440
11.652542
6.988052
4.932144
4.273262
6.041440
5.821241
4.897053
14.093981
7.182181
19.591542
18.052543
8.254070
6.360949
4.963375
5.910442
4.362628
16.420941
16.420941
8.316601
5.385494
5.521245
4.226198
10.530819
19.741666
6.234565
4.135880
16.113630
4.513156
4.820633
4.579393
21.196985
12.891285
8.487106
5.182462
20.480203
9.342200
7.983004
9.204618
19.241347
5.850834
9.082406
5.939185
5.939185
6.373256
4.680490
11.300498
5.177369
5.694374
16.585799
16.155248
7.406484
14.812273
7.267805
7.267805
6.225313
13.535431
20.423692
4.046041
11.465544
12.618599
8.501079
10.201618
6.781698
23.323949
5.426263
21.875673
4.789597
24.375828
23.323949
22.843804
5.426263
14.179876
17.821580
5.783042
4.493368
4.581545
5.960329
8.539728
5.269667
5.960329
11.236663
6.084597
11.236663
11.698925
10.695448
14.044732
26.620931
7.846592
18.661599
19.210970
8.301723
7.846592
10.737767
6.747768
5.114140
9.594764
15.228053
15.069416
9.594764
4.400158
6.001075
17.510373
15.638683
4.305453
4.348307
4.660561
4.609307
23.256686
16.655232
16.655232
5.716975
5.710168
10.733663
8.752183
7.684465
18.163189
18.656591
10.733663
8.752183
10.127857
4.345169
10.127857
24.420323
15.918025
14.903094
5.968083
7.643314
4.752815
12.501205
16.967115
16.967115
23.709916
23.529363
23.709916
23.529363
5.323289
14.755170
4.737765
4.589542
6.093318
23.257296
23.198597
16.373999
17.289887
7.020042
7.322850
10.495454
3.878374
4.704166
4.704166
7.542041
5.864967
8.084540
5.864967
6.451032
5.029588
7.347811
7.347811
19.105294
7.320604
10.990151
10.469427
14.868183
11.527886
5.537700
24.728281
24.877530
22.409461
8.274317
22.391741
5.287726
5.287726
20.789712
9.476186
6.044475
14.995198
6.034669
5.336453
25.363405
8.052139
6.451797
6.085471
6.400351
6.400351
20.746364
16.694024
5.513387
5.699306
10.872631
5.076846
11.326245
7.003815
22.291134
8.236627
7.087585
7.397184
25.139555
10.065080
12.316702
4.070419
5.392756
9.368253
11.080345
13.992387
5.517425
11.080345
6.404868
17.624041
8.290828
10.387556
6.404868
6.359340
6.389084
6.389084
6.545901
6.389084
6.359340
10.444453
5.712959
18.734410
5.838479
5.838479
5.016526
8.599551
12.684978
6.433919
5.016526
6.429019
6.087935
5.841367
14.642976
6.087935
21.097647
4.659854
9.504195
7.478578
6.739037
7.633869
11.323156
5.745822
8.398138
5.847817
4.932369
11.070838
7.995268
5.595318
6.286289
11.265357
6.286289
12.280042
6.621566
18.335296
11.265357
5.595318
6.286289
7.813934
9.524634
5.817070
5.375532
9.497226
9.524634
13.089668
13.089668
8.780066
9.498169
8.574823
17.998289
8.574823
5.372377
8.684083
4.986830
10.153207
5.369733
12.547724
5.275709
5.274347
5.504683
7.639210
4.986879
6.014946
4.491217
15.593644
5.287267
9.256482
4.990367
4.833885
5.312577
5.287267
18.135802
17.411079
23.988657
12.543334
9.128326
16.729832
13.258840
10.639752
13.258840
38.021797
23.089935
19.474256
35.681545
35.681545
19.474256
26.112287
38.021797
23.089935
22.672213
10.849608
20.403651
13.034410
25.020392
37.724835
19.507590
17.211737
12.697126
29.563029
25.881640
12.697126
18.282696
21.595823
29.432099
24.735045
46.148189
25.502249
27.749801
22.779493
20.020629
28.729015
8.260287
17.811481
20.765723
36.812102
21.359804
27.672738
24.023492
33.339264
33.339264
28.420001
28.411344
30.502654
26.651974
27.017758
29.337059
37.433631
37.593494
30.502654
27.854241
30.254335
21.560853
14.105489
18.755278
23.069102
33.217789
41.726240
30.560002
14.938200
19.628794
23.139519
30.560002
26.093541
14.938200
21.388460
20.945354
23.463994
30.738303
17.073724
22.108367
45.438813
43.206004
36.548348
12.594354
17.073724
22.108367
15.072817
11.831373
21.222747
20.093702
19.968045
35.420321
30.797920
39.252886
31.782637
31.244410
31.645466
40.613081
31.782637
31.244410
31.645466
45.268073
23.821677
23.873555
26.125620
46.846694
34.732848
13.869273
18.446592
34.732848
38.913436
32.208200
33.378421
37.287240
38.913436
24.762339
32.208200
36.563013
36.563013
32.667064
31.802696
52.014082
39.431232
29.561592
29.561592
17.889558
25.573503
14.807591
39.431232
39.532966
16.868154
28.963830
25.384288
27.091409
27.826592
25.068732
24.382606
38.256126
31.845039
32.668081
13.514093
38.256126
47.241669
39.077976
38.575010
37.415747
21.242708
31.225603
16.968195
13.954724
13.744007
31.225603
18.784963
18.761528
15.451292
19.724467
29.464006
18.551165
15.059059
21.448476
29.445548
27.643061
21.448476
17.034664
15.904252
40.137709
40.137709
21.500939
20.560195
20.560195
21.500939
33.292636
16.122563
40.137709
41.008154
36.161298
37.744457
17.218153
29.615902
22.877072
23.032889
16.815601
16.960902
23.933596
37.098169
28.994914
12.637782
34.745016
18.659233
32.592758
32.053904
32.230946
38.032561
45.216855
44.148859
44.854511
32.495884
21.883763
19.741736
39.894082
40.086237
38.032561
24.108092
23.563359
32.939780
32.731936
33.288658
40.351533
40.834638
40.351533
40.651769
40.834638
46.324038
28.563551
20.286984
31.244116
25.165448
23.965520
13.678801
29.388238
15.162854
19.400131
25.165448
23.128452
18.296288
30.039734
31.085713
30.039734
36.136295
30.559381
31.085713
33.492989
18.296288
25.116079
24.573823
32.522385
35.525742
51.600256
35.525742
32.522385
28.380449
36.878628
39.394528
39.632389
39.632389
39.632389
39.632389
43.729873
21.051510
33.737058
39.903473
18.454594
17.801076
39.028712
29.149367
43.536993
24.295206
13.231281
13.035517
24.457200
36.193906
40.866850
29.149367
19.587587
27.706060
25.767073
18.493387
18.493387
20.582726
12.530369
20.710461
34.950181
19.400165
45.766219
28.910541
34.950181
34.463698
28.226587
27.613178
27.945182
34.463698
27.894281
30.898141
23.143484
45.004331
32.843403
32.405177
10.261112
11.487057
19.441841
19.909586
21.209744
36.658890
40.398746
40.704698
34.173780
39.347004
39.166431
39.166431
39.166431
39.166431
29.077129
42.062670
29.888267
32.308531
30.574959
33.602508
34.005221
30.054709
21.614047
15.211390
12.794730
15.211390
29.248967
30.898226
30.898226
30.833700
31.380421
24.808858
27.256871
17.488860
31.146570
27.244150
31.270689
31.411436
22.299398
24.824033
26.254769
25.710229
12.793904
11.202292
26.254769
24.824033
27.285149
36.210184
57.239036
43.598352
27.049384
40.136558
14.919785
18.866526
24.977992
15.819611
26.811711
15.525229
15.819611
18.196440
34.466207
24.061906
24.854341
29.602355
22.666036
28.030349
25.824327
26.011041
24.430545
11.608126
33.542470
25.956665
28.382186
25.782237
26.270280
22.726559
26.270280
44.010044
39.030088
39.030088
29.296702
26.797234
29.579616
34.119342
14.758302
24.064165
39.030088
18.119050
20.357748
25.041859
25.850367
31.550734
17.131998
25.850367
31.550734
35.169089
26.596128
15.227538
15.227538
20.682014
17.190344
27.376512
20.682014
17.190344
36.195982
30.987161
26.596128
22.374678
15.227538
19.961100
47.548041
26.250063
37.590228
37.590228
11.233855
25.202196
12.108665
33.221334
29.777684
16.480574
18.707051
36.577214
15.046440
18.707051
33.221334
18.870108
51.349407
31.511431
29.777684
18.169499
21.704428
20.161678
16.480574
34.652006
29.377291
14.861638
14.861638
34.652006
29.377291
17.378584
39.618217
17.378584
24.111395
24.177120
41.875783
41.659938
41.659938
31.343290
41.875783
41.659938
39.060892
15.661535
39.792633
39.060892
14.524548
38.177790
26.393212
20.467233
18.807112
38.517657
32.410226
38.177790
18.808777
17.762031
25.973023
22.219065
47.494582
32.443131
15.410829
27.498580
25.037707
25.037707
22.312852
33.939822
22.302409
28.357558
19.807342
22.312852
25.026566
13.972866
22.476014
37.916398
47.197551
22.476014
35.857286
33.089417
12.252794
35.568377
25.724685
28.165880
12.252794
35.568377
39.099463
32.252334
35.714613
14.997518
24.687751
19.151671
43.883915
18.146596
20.136927
28.914387
29.023048
33.247244
18.161235
29.028425
33.247244
37.490156
20.631081
20.667519
15.648963
31.745688
33.883436
11.755055
11.165469
35.176763
27.577109
19.388864
32.170970
37.421203
25.655104
29.986188
37.421203
41.601051
34.240722
36.817302
36.825872
29.355990
29.355990
24.348065
30.023978
27.338257
30.023978
24.358413
29.057635
26.203474
9.627149
23.442583
29.434492
27.251483
27.203774
13.722828
11.634280
25.245105
25.245105
17.450128
16.625062
12.073754
25.217302
7.325208
20.186888
17.906364
20.683261
19.578245
27.636237
36.368487
36.368487
36.368487
36.078266
36.078266
36.368487
10.641139
38.339063
33.874487
37.827376
28.817907
28.937930
33.810652
26.187688
32.587274
15.274019
22.396093
37.827376
34.585527
16.329085
20.620935
34.585527
20.620935
16.329085
32.604720
23.835133
33.493635
26.241645
29.439036
22.447339
35.458527
23.483214
30.149932
21.181485
11.136932
27.223670
27.425689
32.993265
38.352700
19.100310
38.043168
26.873784
24.328247
32.760997
33.106938
27.239704
19.100310
25.166935
38.352700
20.595065
31.613642
18.134389
23.579139
18.134389
30.416741
23.872764
21.554849
25.681913
31.262009
20.904923
30.261113
22.458000
22.402395
24.066142
30.261113
23.604943
24.222396
9.403817
28.065561
18.499303
22.458000
22.402395
23.444265
23.444265
30.417326
30.417326
35.139864
18.171560
21.274162
17.663005
27.541529
27.526715
27.526715
27.541529
17.943266
34.475450
33.567239
23.765721
45.465956
33.190687
26.591704
10.847476
22.368305
27.748200
34.807864
41.902826
41.902826
17.041774
32.375716
32.375716
24.189002
37.479461
27.559017
25.731088
24.651485
30.361835
36.055991
36.249423
21.977484
37.917712
36.758745
32.806078
33.271201
31.887120
26.100756
30.485840
34.980729
38.606368
38.606368
38.606368
38.606368
28.044811
24.753048
21.978601
18.188791
24.473701
33.508474
41.649445
15.275405
28.485313
35.788267
15.275405
34.598361
22.901072
34.008489
34.598361
30.244723
41.384563
38.202031
17.594572
31.634957
22.900585
40.061847
37.554260
43.713925
17.587745
17.587745
17.576604
28.063004
29.716441
32.966440
31.976309
32.213802
40.278541
21.576733
38.518338
43.027997
22.099210
24.006269
36.625915
35.365853
34.291563
46.305056
40.300372
16.151789
41.574560
41.574560
41.324264
39.450660
23.439978
14.551055
19.036848
20.615209
9.159162
40.181576
30.393737
28.193936
16.867618
34.726750
22.388757
22.388757
39.950846
33.142914
26.386304
41.912847
34.812240
26.386304
22.549156
34.602342
31.668543
22.304343
15.301173
21.491054
23.664512
20.445378
20.433497
29.144577
32.411177
29.432787
45.881855
10.543213
37.537391
36.956938
24.177260
37.537391
36.956938
25.893963
24.177260
6.959095
9.873816
24.047619
31.296958
30.533264
19.998927
47.120591
33.595513
33.748028
33.124957
33.595513
33.156229
33.720554
47.120591
24.332871
18.749572
34.771043
37.273039
23.971439
23.616155
33.748028
33.217831
50.899287
29.437791
30.903478
23.638002
46.987541
7.957340
23.142320
23.142320
22.708161
24.676436
25.387028
36.653121
25.767522
18.308113
17.180316
39.834117
37.105628
31.070726
9.336576
40.844699
37.105628
31.070726
39.834117
24.899376
24.734451
24.734451
22.574675
24.899376
24.734451
16.214530
26.578710
16.214530
30.400924
30.110910
40.860114
31.586016
21.214305
12.899749
32.576843
41.261205
42.918649
33.223289
21.835106
32.576843
40.950404
40.698395
47.648626
41.196332
41.261205
20.929079
27.786433
35.517146
46.039265
22.427487
14.907510
26.414278
22.427487
26.414278
14.701827
40.701268
20.055163
22.641503
14.907510
31.736753
29.871435
24.376907
19.566663
15.594801
19.550618
29.777438
19.286380
14.121580
19.550618
19.912211
31.110037
31.110037
31.110037
23.699724
23.838404
34.940187
34.940187
17.801838
20.731145
20.731145
32.899504
12.808984
34.940187
18.367126
17.801838
34.520007
20.586127
30.771222
20.586127
20.703098
34.520007
35.089810
29.967569
30.727694
18.343026
37.523716
30.454400
19.246426
30.461871
20.456837
20.586127
30.067183
35.974430
17.016387
31.049682
30.771222
22.787277
6.098297
11.239402
25.033865
21.960011
18.250872
19.444872
19.543290
25.033865
21.461373
23.637752
23.637752
45.846934
18.530023
30.300309
15.955085
30.300309
15.955085
31.025210
19.813310
19.931032
22.209408
19.813310
11.428586
45.439150
15.164796
11.515874
45.355510
27.995161
24.894625
45.037755
38.803389
28.491743
17.663170
12.554388
21.835653
31.378850
43.060520
26.908282
26.623991
27.064788
4.985364
15.429619
4.963083
25.499326
21.690435
18.538037
18.716171
26.968791
31.019161
31.019161
42.632894
27.101667
18.029970
14.521963
31.053731
35.915233
25.937758
16.480194
45.175764
44.295671
38.503725
45.839417
42.659142
11.399394
25.937758
45.217965
39.901353
36.976863
41.608921
15.417527
24.249080
25.740804
19.973441
43.181269
25.930314
10.661467
16.573558
23.667193
28.558035
17.220690
20.661093
28.558035
23.667193
23.427052
13.643689
13.558927
36.476528
36.476528
19.081660
36.476528
20.461409
31.258511
18.361374
33.119896
33.695518
16.272771
11.661497
17.474384
19.015639
33.695518
16.272771
19.880480
20.760408
24.581541
35.958952
29.396345
9.413896
